param = {
    "job_id": "202207070901426469950",
    "component_name": "HeteroPearson_0",
    "role": "guest",
    "party_id": 9999
}
data1 = {
    "data": {
        "allNames": [
            {
                "names": [
                    "x0",
                    "x1",
                    "x2",
                    "x3",
                    "x4",
                    "x5",
                    "x6",
                    "x7",
                    "x8",
                    "x9"
                ]
            },
            {
                "names": [
                    "host_10000_0",
                    "host_10000_1",
                    "host_10000_2",
                    "host_10000_3",
                    "host_10000_4",
                    "host_10000_5",
                    "host_10000_6",
                    "host_10000_7",
                    "host_10000_8",
                    "host_10000_9",
                    "host_10000_10",
                    "host_10000_11",
                    "host_10000_12",
                    "host_10000_13",
                    "host_10000_14",
                    "host_10000_15",
                    "host_10000_16",
                    "host_10000_17",
                    "host_10000_18",
                    "host_10000_19"
                ]
            }
        ],
        "anonymousMap": [
            {
                "anonymous": "guest_9999_0",
                "name": "x0"
            },
            {
                "anonymous": "guest_9999_1",
                "name": "x1"
            },
            {
                "anonymous": "guest_9999_2",
                "name": "x2"
            },
            {
                "anonymous": "guest_9999_3",
                "name": "x3"
            },
            {
                "anonymous": "guest_9999_4",
                "name": "x4"
            },
            {
                "anonymous": "guest_9999_5",
                "name": "x5"
            },
            {
                "anonymous": "guest_9999_6",
                "name": "x6"
            },
            {
                "anonymous": "guest_9999_7",
                "name": "x7"
            },
            {
                "anonymous": "guest_9999_8",
                "name": "x8"
            },
            {
                "anonymous": "guest_9999_9",
                "name": "x9"
            }
        ],
        "corr": [
            0.9695386299978032,
            0.3525733880711775,
            0.9694764149000439,
            0.9627464576010545,
            0.21312017725724955,
            0.5353154348363357,
            0.6882367125713972,
            0.8303175458589631,
            0.18572751331832163,
            -0.2536917151801406,
            0.7150651499340949,
            -0.1116906888455624,
            0.6972004064147628,
            0.7573731326889279,
            -0.23069057900373463,
            0.20460743560522848,
            0.18690402227043057,
            0.358126836418058,
            -0.12812062348967487,
            -0.037487385352592266,
            0.2970075825186731,
            0.9120450145540422,
            0.3030381563049209,
            0.2874882434918717,
            0.03607188461115993,
            0.24813268892794377,
            0.29987934561731105,
            0.2927516407623023,
            0.09065125906195079,
            -0.05126953125,
            0.1947989036412566,
            0.4090024817387961,
            0.20037123105228472,
            0.19649673220562391,
            -0.07474307309973638,
            0.1430020458040422,
            0.10024053644002637,
            0.08674114743519332,
            -0.07747324321726713,
            -0.00319528160698594,
            0.9651368045639279,
            0.3580393062115554,
            0.9703869006755272,
            0.9591203900757909,
            0.23885234169046574,
            0.5902101754723199,
            0.7295655584083919,
            0.8559227056788224,
            0.21916834289872583,
            -0.2051510668387522,
            0.7196840846056678,
            -0.10224171723967487,
            0.7210305051351055,
            0.7612124478251318,
            -0.2173036062445079,
            0.2605156387302285,
            0.22668006508128294,
            0.3949993649769332,
            -0.10375332958040422,
            -0.0010001613301845343,
            0.941082731491652,
            0.34354576285149385,
            0.9415499883293058,
            0.9592130691179701,
            0.20671888730228472,
            0.5096038657458261,
            0.675987203427065,
            0.8096295241102812,
            0.17719331818431458,
            -0.23185464493629174,
            0.7515485123297452,
            -0.08319445779327768,
            0.730712890625,
            0.8114075886972759,
            -0.1821954120441564,
            0.19937106972210017,
            0.18835256137412126,
            0.3422709969518893,
            -0.1103425520375659,
            -0.02273640020869947,
            0.11961603416080843,
            0.07750327809204745,
            0.15054980983633567,
            0.12352271323044815,
            0.805323810275703,
            0.5655416746759666,
            0.44882143151362036,
            0.4527534256920035,
            0.4266750020595343,
            0.5049420241102812,
            0.1419190740333919,
            -0.07365838505052724,
            0.13005444035588754,
            0.12538916616322496,
            0.3144574156963972,
            0.22739403696177504,
            0.16848148821946396,
            0.21535091031414763,
            -0.012661845068101934,
            0.17056891201669597,
            0.4134626606436731,
            0.2778298859018014,
            0.4557740759556239,
            0.3904104651801406,
            0.47246831749780316,
            0.8658084701779437,
            0.7549677682886643,
            0.6674538664323374,
            0.47320031030316345,
            0.45879815877636204,
            0.28710293895540423,
            -0.09243962132029877,
            0.3419200179865993,
            0.28325632963532515,
            -0.05555808229898945,
            0.6787800177119947,
            0.48485770334468364,
            0.45288858262851495,
            0.060255107644991215,
            0.39015817223198596,
            0.5269108187335237,
            0.3010249615553603,
            0.5638790298220563,
            0.5126056369452988,
            0.4349260112313269,
            0.8162753837598857,
            0.8841031414762741,
            0.7523993574253075,
            0.4337211836829965,
            0.34623345507469244,
            0.38058434136094027,
            -0.06895578179920914,
            0.4188989729789104,
            0.38510072838862036,
            -0.05829855008787346,
            0.639146426021529,
            0.662564188818102,
            0.5495918689586995,
            0.03711924360171353,
            0.37997463340289983,
            0.7442144249780316,
            0.2953157609292619,
            0.771240234375,
            0.7220165071671792,
            0.503053259556239,
            0.8155729967596661,
            0.8613238343036028,
            0.9101553918607206,
            0.43029634981876097,
            0.17532557804261864,
            0.5310624965674429,
            -0.11963748764279437,
            0.5548977441234623,
            0.5381657444529877,
            -0.10200658707710897,
            0.48320793057996486,
            0.44047216539433215,
            0.6024502450845782,
            -0.03041331420254833,
            0.21520373942772408,
            0.16395308724187171,
            0.105007929206942,
            0.18911501812390158,
            0.14356970493739016,
            0.39430942099626537,
            0.5102238713752196,
            0.40946373160149385,
            0.3757435776856327,
            0.6998254544705624,
            0.3340191296408172,
            0.09454249162456063,
            -0.1282145897407733,
            0.10993064518343586,
            0.07412650002746046,
            -0.10734163897737259,
            0.2778783707710896,
            0.19778737368189805,
            0.14311574925856765,
            0.3894021515268014,
            0.11109385297671354,
            0.00706548975724956,
            0.11920541451559755,
            0.051018954580404216,
            0.003737196561950791,
            0.4993164920639279,
            0.6873824349187171,
            0.5149299071836555,
            0.3686613542124341,
            0.4384130601933216,
            0.7672966553163445,
            0.049559688735720565,
            -0.045654296875,
            0.08543291410369068,
            0.01753907966278559,
            0.1014805476988137,
            0.5909730612917399,
            0.43932869480448156,
            0.31065457147956943,
            0.07807908954855008,
            0.5913279018837874
        ],
        "localCorr": [
            0.9999999999999994,
            0.35992074003357793,
            0.993707914821418,
            0.9840145639033958,
            0.21657442167139782,
            0.4758200493432501,
            0.5739747003120284,
            0.7874238478549627,
            0.2435292053126834,
            0.09349197524612646,
            0.35992074003357793,
            1.0,
            0.3650982291645517,
            0.34584227604568935,
            0.22542941444413286,
            0.36083234421599464,
            0.36836559427902893,
            0.35975460266460507,
            0.23302746101025854,
            0.2191224478533007,
            0.993707914821418,
            0.3650982291645517,
            0.9999999999999998,
            0.9775780915728319,
            0.23677459764497413,
            0.5294077042670631,
            0.6183440846454186,
            0.8163220936483697,
            0.26949278821137307,
            0.13895687087079428,
            0.9840145639033958,
            0.34584227604568935,
            0.9775780915728319,
            1.0,
            0.20914533622935916,
            0.4382963090760474,
            0.5433305415060279,
            0.7474188066385602,
            0.20914552185704996,
            0.07964704728333913,
            0.21657442167139782,
            0.22542941444413286,
            0.23677459764497413,
            0.20914533622935916,
            1.0,
            0.568186500645385,
            0.5185232910791155,
            0.5476908920420464,
            0.49383833354547435,
            0.6176241752764132,
            0.4758200493432501,
            0.36083234421599464,
            0.5294077042670631,
            0.4382963090760474,
            0.568186500645385,
            1.0,
            0.8922609003063434,
            0.8010803583539299,
            0.6144405118757321,
            0.8104548499044606,
            0.5739747003120284,
            0.36836559427902893,
            0.6183440846454186,
            0.5433305415060279,
            0.5185232910791155,
            0.8922609003063434,
            1.0,
            0.8554338668300626,
            0.5325197277907154,
            0.6865109151760618,
            0.7874238478549627,
            0.35975460266460507,
            0.8163220936483697,
            0.7474188066385602,
            0.5476908920420464,
            0.8010803583539299,
            0.8554338668300626,
            1.0,
            0.5025285113979509,
            0.511114146541186,
            0.2435292053126834,
            0.23302746101025854,
            0.26949278821137307,
            0.20914552185704996,
            0.49383833354547435,
            0.6144405118757321,
            0.5325197277907154,
            0.5025285113979509,
            1.0,
            0.5378482149374237,
            0.09349197524612646,
            0.2191224478533007,
            0.13895687087079428,
            0.07964704728333913,
            0.6176241752764132,
            0.8104548499044606,
            0.6865109151760618,
            0.511114146541186,
            0.5378482149374237,
            0.9999999999999994
        ],
        "localVif": [
            137.24021115616685,
            1.2451961507036238,
            137.1439510732955,
            38.24259009427713,
            2.1820473061082226,
            11.471747799262635,
            7.052154421207016,
            10.810292024968104,
            1.7315970391623143,
            5.348249538359064
        ],
        "modelName": "HeteroPearson",
        "names": [
            "x0",
            "x1",
            "x2",
            "x3",
            "x4",
            "x5",
            "x6",
            "x7",
            "x8",
            "x9"
        ],
        "parties": [
            "(guest,9999)",
            "(host,10000)"
        ],
        "party": "(guest,9999)",
        "shape": 10,
        "shapes": [
            10,
            20
        ]
    },
    "meta": {
        "meta_data": {
            "shapes": [
                10,
                20
            ]
        },
        "module_name": "HeteroPearson"
    },
    "retcode": 0,
    "retmsg": "success"
}